factor	influence_score	influence_score_raw	target_score	target_score_scaled	G_score	G_score_scaled	direct_targets	factor_fc
TCONS_00027932	0.9999999999999999	7448.405481172978	7440.538971853317	0.9999999999999999	7.86650931966173	0.8333333333333333	3953	7.86650931966173
TCONS_00057143	0.9761904761904762	6176.139103906119	6166.048897215284	0.8333333333333333	10.0902066908344	0.9791666666666666	2553	10.0902066908344
TCONS_00011489	0.9523809523809523	5996.637813283789	5984.5922370494245	0.8124999999999999	12.0455762343641	0.9999999999999999	2291	12.0455762343641
TCONS_00009689	0.9285714285714285	6303.852724203541	6294.771469727712	0.8541666666666666	9.08125447582862	0.9166666666666666	2667	9.08125447582862
TCONS_00021202	0.9047619047619047	6611.086676220969	6603.939637790629	0.9166666666666666	7.14703843034018	0.7916666666666666	2998	7.14703843034018
TCONS_00045354	0.8809523809523808	7148.786427956279	7143.564591076174	0.9583333333333333	5.22183688010459	0.6874999999999999	3662	5.22183688010459
TCONS_00018547	0.8571428571428571	5508.842037848	5500.343973326946	0.7499999999999999	8.49806452105329	0.8749999999999999	1779	8.49806452105329
TCONS_00012754	0.8333333333333333	4587.661996752186	4577.664793546555	0.6041666666666666	9.99720320562985	0.9583333333333333	858	9.99720320562985
TCONS_00021998	0.8095238095238094	7206.199199473064	7202.004816999657	0.9791666666666666	4.19438247340695	0.5416666666666666	3911	4.19438247340695
TCONS_00028953	0.7857142857142857	5659.873733122943	5654.054105224628	0.7708333333333333	5.819627898315	0.7083333333333333	1912	5.819627898315
TCONS_00008967	0.7619047619047619	4462.508774683453	4452.672191418096	0.5208333333333333	9.83658326535688	0.9374999999999999	745	9.83658326535688
TCONS_00052518	0.738095238095238	4370.335905725422	4363.161851430375	0.49999999999999994	7.17405429504772	0.8124999999999999	663	7.17405429504772
TCONS_00056455	0.7142857142857142	4923.098484164843	4918.3952451525065	0.6666666666666666	4.7032390123364	0.6249999999999999	1152	4.7032390123364
TCONS_00021581	0.6904761904761904	4055.5302362655	4046.591093593619	0.375	8.93914267188137	0.8958333333333333	388	8.93914267188137
TCONS_00012881	0.6666666666666666	4864.842417292152	4860.440759792085	0.6458333333333333	4.40165750006684	0.5833333333333333	1149	4.40165750006684
TCONS_00014206	0.6666666666666666	5094.027087864857	5090.718993275976	0.7083333333333333	3.30809458888183	0.5208333333333333	1308	3.30809458888183
TCONS_00054588	0.6428571428571428	5036.746794012843	5033.482603493417	0.6874999999999999	3.26419051942624	0.49999999999999994	1276	3.26419051942624
TCONS_00029574	0.619047619047619	4200.697517093045	4194.749713375523	0.4375	5.94780371752165	0.7291666666666666	520	5.94780371752165
TCONS_00009611	0.5952380952380952	6635.5646415138835	6634.060002837228	0.9374999999999999	1.50463867665545	0.20833333333333331	3687	1.50463867665545
TCONS_00008968	0.5714285714285714	3678.391920069992	3670.3445834066006	0.2708333333333333	8.04733666339137	0.8541666666666666	145	8.04733666339137
TCONS_00019620	0.5476190476190476	3823.174467735	3816.338207151721	0.3333333333333333	6.83626058327884	0.7708333333333333	213	6.83626058327884
TCONS_00018823	0.5238095238095237	4122.708184315514	4117.856873940532	0.4166666666666667	4.85131037498232	0.6458333333333333	407	4.85131037498232
TCONS_00041694	0.4999999999999999	6468.3382296519285	6466.949481035062	0.8749999999999999	1.38874861686685	0.16666666666666666	3094	1.38874861686685
TCONS_00027931	0.4999999999999999	4315.14454770729	4310.756571660561	0.4791666666666667	4.38797604672909	0.5624999999999999	610	4.38797604672909
TCONS_00010310	0.47619047619047616	4502.663042701094	4499.688216970433	0.5416666666666666	2.97482573066131	0.4791666666666667	846	2.97482573066131
TCONS_00011491	0.45238095238095233	6477.53912141163	6476.772468904637	0.8958333333333333	0.766652506992168	0.10416666666666667	3778	0.766652506992168
TCONS_00029143	0.4285714285714285	4569.149459762105	4566.3906290892055	0.5833333333333333	2.75883067289938	0.3958333333333333	846	2.75883067289938
TCONS_00037097	0.40476190476190477	5355.641500812037	5353.924191398625	0.7291666666666666	1.71730941341118	0.22916666666666666	1598	1.71730941341118
TCONS_00017948	0.38095238095238093	2712.299565115128	2706.129495377733	0.12499999999999999	6.17006973739542	0.7499999999999999	22	6.17006973739542
TCONS_00053708	0.3571428571428571	3619.913543767361	3615.3333709178128	0.22916666666666666	4.58017284954794	0.6041666666666666	119	4.58017284954794
TCONS_00019617	0.33333333333333326	5960.01623360055	5959.3108261075895	0.7916666666666666	0.705407492959815	0.020833333333333332	2480	0.705407492959815
TCONS_00002699	0.33333333333333326	2729.880819194615	2724.806195774382	0.14583333333333331	5.07462342023307	0.6666666666666666	31	5.07462342023307
TCONS_00008464	0.30952380952380953	4077.634204190864	4075.019845739896	0.3958333333333333	2.61435845096759	0.375	414	2.61435845096759
TCONS_00019578	0.2857142857142857	3682.8174651565546	3679.98738202857	0.2916666666666667	2.83008312798434	0.4375	124	2.83008312798434
TCONS_00005144	0.26190476190476186	3373.797430520219	3370.9115970840617	0.16666666666666666	2.88583343615754	0.4583333333333333	74	2.88583343615754
TCONS_00028502	0.23809523809523805	4521.7920489422995	4521.050054484316	0.5624999999999999	0.741994457982865	0.0625	773	0.741994457982865
TCONS_00030624	0.23809523809523805	4747.5417554340665	4746.880476514246	0.6249999999999999	0.661278919821078	0.0	1240	0.661278919821078
TCONS_00003964	0.21428571428571427	4280.549770711458	4279.676153357748	0.4583333333333333	0.873617353709755	0.12499999999999999	770	0.873617353709755
TCONS_00019811	0.19047619047619047	3788.8740795912786	3787.127473719258	0.3125	1.74660587202081	0.24999999999999997	185	1.74660587202081
TCONS_00020805	0.16666666666666666	3430.843130613713	3428.668252057348	0.18749999999999997	2.17487855636506	0.2916666666666667	104	2.17487855636506
TCONS_00027823	0.14285714285714285	2649.683324483235	2647.3369946751272	0.08333333333333333	2.34632980810794	0.3541666666666667	6	2.34632980810794
TCONS_00049440	0.11904761904761904	2.76249318240883	0.0	0.0	2.76249318240883	0.4166666666666667	1	2.76249318240883
TCONS_00020216	0.09523809523809523	3918.277215326348	3917.569690221989	0.3541666666666667	0.707525104359235	0.04166666666666667	280	0.707525104359235
TCONS_00033865	0.07142857142857142	2654.589680448127	2652.675410782001	0.10416666666666667	1.91426966612589	0.2708333333333333	7	1.91426966612589
TCONS_00047036	0.07142857142857142	103.8382778627208	101.62218328229224	0.0625	2.21609458042856	0.3125	15	2.21609458042856
TCONS_00051631	0.047619047619047616	3593.725781174484	3592.581822446028	0.20833333333333331	1.14395872845593	0.14583333333333331	126	1.14395872845593
TCONS_00001049	0.047619047619047616	67.14828729489481	64.86042738066118	0.020833333333333332	2.28785991423363	0.3333333333333333	8	2.28785991423363
TCONS_00005618	0.023809523809523808	3664.7233793930695	3663.966092281263	0.24999999999999997	0.757287111806196	0.08333333333333333	165	0.757287111806196
TCONS_00007126	0.0	87.7890876913803	86.38668160924016	0.04166666666666667	1.40240608214014	0.18749999999999997	15	1.40240608214014
